
age;name;positionFirst;positionSecond;potential;salary;skillBlock;skillPass;skillPhysique;skillRebound;skillShotExterior;skillShotFree;skillShotInterior;skillSteal;team;yearsContract;yearsLeague
38;Kyle Korver;2;3;7;7500000;50;59;79;57;91;88;47;65;UTA;1;4
30;Stephen Curry;1;0;9;40000000;45;83;81;63;98;98;86;70;GSW;4;4
28;Klay Thompson;2;3;8;18988725;60;64;95;65;92;85;80;69;GSW;1;4
28;Damian Lillard;1;0;9;27977689;51;87;88;61;86;97;85;69;POR;3;4
30;Kevin Durant;3;4;9;30000000;81;79;80;85;86;94;89;69;GSW;1;4
30;Ryan Anderson;4;0;6;20421546;49;55;80;68;71;70;70;57;MIA;2;4
31;Danny Green;2;3;7;10000000;52;56;82;48;96;89;73;70;TOR;1;4
29;Demar DeRozan;2;3;8;27739975;49;82;96;76;63;89;94;70;SAN;2;4
26;Kyrie Irving;1;0;9;20099188;45;87;87;57;92;88;92;71;BOS;2;4
28;Paul George;3;4;9;30560700;66;78;91;81;91;87;92;90;OKC;1;4
30;Kevin Love;4;5;8;22000000;62;62;84;89;89;87;84;49;CLE;4;4
30;Wendon Matthews;2;3;8;14250000;43;58;92;44;85;80;82;76;DAL;4;4
27;John Harden;2;1;9;13669000;47;98;84;80;90;99;95;50;HOU;3;4
39;Victor Carter;3;2;8;3180000;59;52;81;58;85;82;75;72;SAC;1;4
32;Carlos Anthony;3;4;9;26000000;54;55;85;76;85;89;82;60;OKC;4;4
28;Roswell Westbrook;1;0;9;26000000;43;89;90;90;86;85;93;83;OKC;3;4
25;Karton Leonard;3;4;9;18000000;87;65;91;77;92;87;86;87;SAN;5;4
32;Leroy James;3;4;9;33300000;69;99;95;86;85;92;95;65;CLE;3;4
23;Ken McDaniels;2;0;7;3300000;66;61;77;68;85;74;59;54;BRO;2;4
32;Jay Redick;2;0;8;21000000;48;57;84;49;94;86;81;55;PHI;1;4
19;David Booker;2;0;9;2000000;59;70;76;69;87;81;81;68;PHO;3;2
30;Kenton Lowry;1;0;8;33000000;45;85;88;71;83;82;81;80;TOR;3;4
31;Jerry Smith;3;2;8;14250000;42;57;87;62;84;75;74;73;CLE;4;4
38;David Nowitzki;4;0;9;8333000;51;59;87;74;84;91;87;60;DAL;1;4
28;Chancey Parsons;3;4;8;23500000;48;62;79;60;84;74;91;66;MEM;4;4
27;Emil Bledsoe;1;2;8;14000000;56;74;87;58;84;86;88;81;MIL;4;4
25;Cesar McCollum;2;1;8;2317000;47;63;94;58;87;88;91;64;POR;4;4
30;Mario Belinelli;2;3;7;6000000;40;60;87;41;84;82;72;60;PHI;1;4
23;Roland Hood;2;3;8;1000000;45;51;87;61;84;75;75;69;CLE;3;3
25;Nolek Mirotic;3;4;8;5750000;46;65;84;73;85;79;78;67;NOR;3;3
25;Wilfred Barton;2;0;8;762000;48;68;81;60;83;77;76;72;DEN;1;4
28;Enrik Gordon;2;0;7;13500000;45;56;84;45;87;81;74;73;HOU;4;4
30;Gordon Dragic;1;2;8;18000000;43;82;88;47;83;78;86;78;MIA;5;4
25;Karl Middleton;3;2;8;14000000;65;52;85;65;87;83;81;75;MIL;5;4
24;Enes Fournier;3;2;8;17000000;42;55;85;44;83;78;76;76;ORL;5;4
26;Dennis Cousins;5;4;8;16500000;66;64;91;90;83;92;92;72;NOR;3;4
23;Matas Kuzminskas;3;2;8;3000000;60;46;82;59;84;87;67;60;NYK;3;1
19;Lorbek Doncic;2;3;9;0;67;68;80;67;83;76;64;58;-1;0;0
23;Alan Abrines;3;2;8;6000000;58;44;79;57;86;86;66;58;OKC;3;1
27;Ish Thomas;1;0;8;7000000;44;84;78;50;85;88;83;69;LAL;1;4
33;Chandler Frye;4;5;5;8000000;67;40;73;67;83;75;71;56;LAL;3;4
26;Reid Jackson;1;2;8;16000000;49;84;85;70;83;82;82;64;DET;5;4
31;Mirko Teletovic;3;4;7;10000000;53;54;78;66;83;82;65;64;MIL;3;4
31;Bob Rush;3;2;6;3500000;73;40;82;55;83;74;79;56;MIN;1;4
29;Ermin Ilyasova;4;0;7;7900000;55;41;84;80;83;73;77;68;PHI;1;4
25;Justin Jenkins;2;0;5;1259000;44;54;87;48;83;83;85;55;PHO;1;4
33;Larry Barbosa;1;2;7;1500000;53;52;86;50;83;77;78;57;PHO;1;3
26;Jordan Wall;1;0;9;17000000;55;90;92;55;83;83;90;74;WAS;4;4
27;Johnny Fredette;1;2;6;0;40;58;85;40;83;82;69;67;0;0;4
33;Jefferson Jack;1;2;7;1500000;40;77;83;64;83;79;80;53;ATL;1;15
23;Sacha Karasev;2;3;7;0;44;48;82;48;83;83;72;48;0;0;4
25;Terrel Daniels;2;3;7;1000000;56;62;80;65;83;79;73;57;CHA;2;4
25;Don McDermott;3;0;7;2000000;52;61;77;59;83;86;67;46;NYK;3;3
29;Mario Conley;1;0;8;30600000;47;87;79;57;83;81;86;90;MEM;5;4
30;Mike Chalmers;1;2;6;4000000;41;70;80;45;83;80;53;80;MEM;1;4
25;Langston Galloway;1;2;7;100000;40;51;85;43;83;73;75;56;DET;1;3
23;Tom Warren;3;0;8;1000000;48;45;79;67;87;79;73;51;PHO;3;3
28;Pantic Mills;1;0;6;3580000;40;64;85;40;83;81;76;72;SAN;2;4
30;Geoffrey Hill;1;0;8;8000000;44;78;92;53;86;76;74;69;CLE;4;4
20;Dani Exum;1;2;8;4000000;49;71;87;47;83;77;75;60;UTA;3;3
23;Bart Beal;2;1;8;26000000;51;60;93;56;87;81;82;69;WAS;5;4
41;Resus Allen;2;3;9;0;40;49;73;44;83;83;72;59;0;0;4
26;Eddie Murphy;4;0;4;0;53;46;75;58;82;76;70;58;0;0;4
29;Worrick Ellington;2;0;6;2650000;41;49;87;42;82;90;74;64;MIA;2;4
24;Jerome Lamb;2;3;7;7000000;48;50;88;49;82;86;80;65;CHA;4;4
34;Dirk Wade;2;0;9;1500000;48;70;87;50;82;78;89;83;MIA;1;4
36;Mark Dunleavy;3;2;6;4750000;58;59;82;59;82;79;79;60;ATL;2;4
23;Klinton Caldwell-Pope;2;0;8;18000000;42;43;87;49;82;81;80;67;LAL;1;4
29;Carrick Miles;2;3;6;4500000;48;49;90;50;86;86;81;70;TOR;4;4
31;Cliff Paul;1;0;9;18670000;45;99;88;51;86;85;81;91;HOU;3;4
25;Barry Knight;1;2;8;14000000;40;73;85;60;82;81;86;62;PHO;5;4
36;Mou Barnes;3;4;7;6000000;65;48;81;48;92;72;76;68;SAC;2;4
34;Tommy Parker;1;0;9;14500000;42;80;81;50;78;74;76;65;SAN;3;4
26;Sullivan Mack;1;2;6;884000;42;76;82;50;79;69;76;75;ORL;1;4
26;Carlos Johnson;3;0;5;500000;54;61;78;64;82;78;71;54;UTA;1;2
30;David Gibson;2;1;5;0;40;48;87;40;82;66;64;65;0;0;4
32;Cesar Copeland;4;3;5;0;48;40;78;41;82;71;73;55;0;0;4
33;Kenton Martin;2;3;5;0;40;51;82;44;82;80;85;62;0;0;13
27;Marius Morris;4;3;7;5000000;50;45;83;63;82;76;83;68;BOS;4;4
31;Neill Young;3;2;7;4500000;44;54;83;46;84;81;77;61;GSW;1;4
24;Sharli Muhammad;2;3;8;2550000;48;53;87;54;82;77;81;65;MIL;1;4
32;Carl Watson;1;0;5;5000000;45;67;86;45;82;74;65;73;ORL;3;4
36;Mark Bonner;4;0;4;0;43;49;70;45;82;66;70;51;0;0;4
35;John Johnson;3;2;7;1500000;40;59;93;63;78;75;76;59;HOU;1;4
35;Wilfred Green;2;0;4;0;40;49;73;40;81;64;75;57;0;0;4
24;Tommy Hardaway;2;3;8;17750000;47;71;89;47;82;75;75;68;NYK;4;4
32;Cetus Martin;3;2;4;1000000;40;42;77;58;81;67;66;59;DET;1;4
28;John Teague;1;0;9;19000000;44;87;90;41;76;83;78;80;MIN;3;4
30;Jerry Green;3;0;8;8700000;60;51;93;56;81;79;86;60;LAC;1;4
24;Tonny Johnson;2;1;8;12500000;69;74;69;74;81;68;75;64;MIA;4;2
28;Novak Cole;1;2;6;1131000;40;61;90;43;81;70;72;71;0;1;4
31;John Dudley;3;4;7;10000000;40;40;87;40;81;76;82;67;PHO;3;4
30;Randy Gay;3;4;8;17889000;51;56;93;65;81;80;80;77;SAN;1;4
26;Godrick Hayward;3;2;8;30000000;58;77;89;75;86;84;85;73;BOS;4;4
26;Jamaal Crowder;3;4;8;7000000;60;65;93;64;84;71;79;82;UTA;4;4
26;Ken Walker;1;0;8;12000000;48;78;91;49;85;85;83;89;CHA;4;4
31;Arron Brooks;1;0;6;1030000;42;62;79;43;80;74;78;64;MIN;1;4
27;Johnny Butler;3;2;8;18000000;78;65;81;75;84;81;87;84;MIN;2;4
34;Monty Williams;1;2;6;2650000;40;77;72;40;75;75;73;62;ATL;1;14
28;Daniel Gallinari;3;4;9;10147000;56;59;82;74;81;81;81;62;LAC;2;4
29;William Chandler;3;4;8;6344000;43;49;83;64;80;77;79;72;DEN;2;4
28;Peter Beverley;1;0;8;6250000;56;72;90;47;80;79;78;78;LA;4;4
29;Tom Lawson;1;0;7;1500000;42;80;86;42;77;75;77;75;SAC;1;4
27;Owen Johnson;2;0;5;789000;51;47;92;66;80;71;74;57;IND;1;4
26;Mike Dellavedova;1;2;7;9500000;45;75;85;42;80;85;68;65;MIL;4;4
33;Sting Novak;3;4;5;500000;40;40;76;46;80;86;66;52;MIL;1;4
21;Audi Wiggins;3;2;9;6000000;66;49;89;72;80;80;85;71;MIN;2;3
31;Cody Lee;2;0;7;12500000;48;56;92;52;80;81;80;81;NYK;4;4
28;David Rose;1;0;8;2100000;50;78;59;55;75;75;82;73;MIN;1;4
29;Daniel Augustin;1;0;7;7500000;41;69;86;40;80;82;68;70;ORL;4;4
33;Bob Gordon;2;0;6;4500000;40;57;79;41;80;78;70;57;ORL;1;4
22;Kenny Anderson;3;2;6;2000000;58;55;81;71;80;64;62;65;SAN;3;3
25;Torrent Ross;2;3;6;7000000;50;45;96;53;80;77;78;74;ORL;3;4
25;Xandall Henry;3;0;6;0;40;44;79;57;79;61;75;66;0;0;4
25;Donald Stockton;1;0;7;0;40;46;76;40;79;68;74;60;0;0;4
29;Oscar Mayo;2;3;7;0;42;61;91;47;79;74;76;67;0;0;4
27;Kerry Bazemore;2;3;7;17500000;51;51;93;47;79;73;78;82;ATL;4;4
28;Jerry Lin;1;2;8;12000000;44;79;86;47;77;78;79;81;BRO;2;4
32;David Williams;1;0;7;1000000;43;79;78;46;78;77;77;62;0;1;4
32;John Barea;1;0;5;4000000;41;83;93;45;79;77;81;58;DAL;4;4
24;Harris Barnes;3;0;8;24000000;49;52;91;65;79;79;79;68;DAL;4;4
36;Mark Miller;3;2;7;1400000;40;54;73;65;79;73;66;55;DEN;1;4
36;Jason Crawford;2;3;8;4500000;41;54;85;41;79;81;78;65;MIN;2;4
29;Wen Johnson;3;4;6;6000000;48;47;81;52;79;68;83;59;LAC;3;4
27;Barry Griffin;4;5;9;16443000;57;75;97;83;79;80;96;56;DET;1;4
30;Lenny Williams;2;1;8;7000000;40;62;91;42;84;85;83;71;LAC;2;4
21;Johnny Adams;2;0;7;1000000;53;65;80;52;79;73;73;82;MEM;3;3
31;Miquel Gasol;5;0;9;22000000;85;87;83;83;79;87;86;57;MEM;5;4
26;Jerry Holiday;1;2;8;9210000;42;79;80;47;81;80;77;84;NOR;2;4
24;Vicent Oladipo;2;1;9;4764000;49;63;90;57;85;88;82;84;IND;2;4
24;Mike Leonard;5;0;8;10500000;75;42;73;66;79;73;69;47;POR;4;4
31;Antawn Tolliver;4;3;6;8000000;47;48;84;61;79;76;70;58;DET;1;4
36;Pablo Gasol;5;4;9;16000000;81;75;75;81;81;81;84;43;SAN;2;4
24;Tom Burke;1;2;8;2439000;40;67;87;40;77;77;77;69;NYK;2;4
32;Garret Neal;2;1;6;1200000;40;45;82;40;79;79;72;55;WAS;1;4
23;Otus Porter;3;4;8;4278000;49;53;89;79;87;81;79;57;WAS;2;4
24;Rictor Ledo;2;0;5;0;42;53;88;40;78;80;70;66;0;0;4
25;Donny Lamb;2;0;5;0;40;42;85;40;78;56;72;61;0;0;4
31;Phil Millsap;4;0;8;20000000;66;64;90;83;78;77;89;76;DEN;3;4
21;Jonathan Young;2;0;6;1000000;48;61;85;46;78;78;72;54;BOS;3;3
26;Andy Bradley;2;1;7;8000000;52;61;90;65;78;78;83;79;DET;3;4
25;Stuart Dinwiddie;2;1;7;789000;44;45;86;43;78;76;73;60;BRO;1;4
33;Raymond Foye;2;3;4;3000000;42;50;83;40;78;74;66;60;BRO;1;4
27;Stuart Kilpatrick;2;0;6;916000;54;54;82;40;78;72;69;69;MIL;1;2
28;Steven Hawes;5;0;7;5750000;71;56;82;75;74;72;72;45;MIL;4;4
32;Chopi Villanueva;4;0;6;1000000;75;41;74;76;78;53;79;64;DAL;1;4
25;Renzie Bullock;3;4;5;1149000;40;44;85;44;78;76;73;57;DET;4;4
32;Adrian Iguodala;3;2;8;12869000;48;66;87;54;77;64;88;79;GSW;1;4
26;Derrick Green;4;5;8;17000000;74;99;79;89;78;84;74;74;GSW;4;4
28;Ander Goudelock;1;2;4;1500000;40;48;86;40;79;83;67;46;HOU;1;4
31;Monte Ellis;2;1;8;11000000;48;70;91;51;78;78;85;88;0;4;4
31;Lenny Deng;3;0;8;18000000;45;62;87;58;78;79;80;65;LAL;3;4
35;Jorge Calderon;1;0;7;1500000;45;77;81;41;78;89;69;55;CLE;1;4
28;Quintus Pondexter;3;2;6;2235000;40;49;83;45;78;77;80;66;NOR;3;4
32;Sander Vujacic;2;3;4;500000;40;51;72;40;78;80;65;79;NYK;1;4
31;Antawn Morrow;2;3;4;1027000;40;40;77;40;78;87;68;66;CHI;1;4
25;Donny Waiters;2;3;7;3894000;49;69;83;55;83;79;79;71;MIA;1;4
27;Jim Simmons;2;0;6;300000;50;67;69;71;78;82;70;70;ORL;2;3
25;Alphonse Burks;2;3;7;11000000;45;55;88;56;78;79;78;67;UTA;4;4
27;Mark Morris;4;5;7;2207000;61;52;83;65;81;74;82;76;BOS;2;4
27;Man Harris;2;0;5;0;40;54;75;51;77;72;81;61;0;0;4
26;John Southerland;3;0;5;0;54;49;77;53;77;76;62;64;0;0;4
36;Brook Cook;4;0;4;0;47;40;60;73;77;64;62;53;0;0;4
33;Damon Granger;3;4;8;0;45;47;81;48;77;82;67;62;0;0;4
26;Jou Hamilton;3;0;5;1500000;57;44;89;71;77;47;78;70;BRO;1;4
29;Eidan Maynor;1;0;5;0;40;78;79;40;77;70;68;60;0;0;4
36;Rashid Mason;2;0;4;0;40;47;71;47;77;75;63;54;0;0;4
23;David Schroeder;1;2;8;2500000;46;77;97;47;81;80;78;68;ATL;2;4
30;Mark Williams;4;3;6;13750000;64;47;84;57;77;79;81;64;CHA;4;4
39;Jamon Terry;2;0;8;1500000;40;52;77;40;77;79;69;56;MIL;1;4
28;Theo Young;4;0;8;12500000;68;57;88;72;77;72;84;63;IND;4;10
24;Andy Rivers;2;1;8;7000000;42;63;89;46;77;76;77;59;LAC;3;4
39;Peter Pierce;3;0;8;5000000;42;63;88;66;77;76;73;64;0;3;4
20;Damian Russell;1;2;9;5500000;49;74;86;51;77;74;64;75;BRO;3;2
33;Marcos Huertas;1;0;6;500000;41;79;80;46;77;75;77;58;HOU;1;2
30;Gerry Green;2;3;6;3500000;61;40;88;45;81;78;84;56;HOU;1;4
28;Nastic Bjelica;4;3;8;4000000;71;64;75;79;74;74;73;54;MIN;2;2
25;Shown Hill;3;0;7;12500000;46;47;84;55;77;79;77;64;NOR;4;4
23;Tomas Wroten;1;2;7;600000;54;70;77;51;77;77;77;59;NYK;2;4
27;Barry Jennings;1;0;8;450000;40;76;85;40;77;79;62;70;MIL;1;4
28;Kyrie Singler;3;0;7;5000000;54;44;79;48;77;77;81;60;OKC;5;4
22;Carl Payne;1;0;8;1800000;53;73;73;62;75;72;71;71;CHI;3;2
27;John Anderson;2;3;6;914000;44;54;85;52;77;73;73;74;SAC;2;4
23;Berry McLemore;2;3;7;2896000;43;47;90;41;77;84;77;65;MEM;4;4
36;Carl Butler;3;0;7;1500000;43;47;72;50;77;75;67;55;SAC;1;4
27;Podrick Patterson;4;5;5;6000000;59;44;82;62;77;79;77;60;OKC;1;4
34;Bob Diaw;4;0;7;7333000;47;59;79;65;77;64;90;61;0;1;4
30;Jerry Farmar;1;0;6;0;40;76;69;42;76;78;78;64;0;0;4
26;Terry Taylor;1;0;5;0;40;61;78;45;76;63;58;90;0;0;4
38;Elior House;1;2;6;0;40;40;74;40;76;73;61;63;0;0;4
27;Zander Dragic;2;3;7;0;40;74;75;44;76;72;76;71;0;0;4
34;Jim Lucas;1;0;5;0;40;43;77;40;76;64;73;54;0;0;4
29;Elton Millsap;2;3;7;0;54;61;76;64;76;78;71;54;0;0;4
26;Larry Stephenson;2;3;7;9000000;57;77;89;79;76;75;72;65;IND;1;4
22;Michael Smart;1;2;7;4000000;50;82;83;61;76;73;75;74;BOS;3;3
28;Nando Batum;3;4;8;20000000;56;64;91;56;76;81;81;68;CHA;5;4
23;Ferdinand Kaminsky;5;0;8;3000000;61;61;87;75;76;73;72;42;CHA;4;2
28;John Crawford;1;2;7;0;40;74;79;50;76;81;71;64;0;0;4
25;Taylor Snell;2;3;6;1409000;53;63;84;58;76;82;73;58;MIL;4;4
25;Ian Canaan;2;1;6;571000;41;57;94;41;76;78;80;66;CHI;1;4
36;Jerry Jones;3;2;3;1500000;44;43;74;43;76;82;57;54;CLE;1;4
28;Isaiah Smith;1;0;8;6000000;55;81;89;42;76;74;80;73;DET;3;4
30;Cody Brewer;3;2;6;2100000;50;50;88;44;77;74;88;76;OKC;1;4
26;Don Motiejunas;4;5;7;1423000;63;45;81;75;77;70;78;58;HOU;2;4
30;Roland Stuckey;2;1;7;7000000;42;76;80;42;76;77;84;61;IND;3;4
25;Cody Wilcox;2;0;6;1000000;44;57;75;45;76;75;70;62;LAC;3;3
34;Terrel Allen;3;2;7;4490000;80;60;87;75;76;73;70;90;0;3;4
22;Tommy Ennis;1;0;7;1000000;42;75;79;44;77;68;74;70;LAL;2;3
27;Errin Moore;1;2;7;8500000;48;44;84;40;76;76;71;64;NOR;4;4
27;Terry Evans;3;2;8;11796000;43;62;89;67;76;76;83;75;MEM;2;4
25;Demarre Williams;4;3;7;450000;59;41;81;75;76;70;85;61;0;1;4
28;Jerome Bayless;1;2;7;9000000;42;62;88;40;76;80;75;67;PHI;3;4
23;Norel Stauskas;2;3;7;1000000;54;61;78;61;76;74;71;57;PHI;3;3
25;Howard Thompson;3;0;5;489084;41;51;84;57;76;68;78;61;NOR;2;4
30;Solomon Weems;2;0;6;2500000;49;60;77;65;76;72;59;62;PHI;2;3
24;Adan Crabbe;2;0;7;19000000;51;49;87;57;76;80;73;64;BRO;4;4
26;Alan Aminu;3;4;7;7500000;65;41;83;86;76;72;78;76;POR;4;4
20;Stuart Labissiere;4;5;8;3250000;66;40;72;66;77;74;70;55;SAC;4;1
39;Maradona Ginobili;2;0;8;2880000;52;84;77;58;76;74;80;81;SAN;1;4
31;Landon Aldridge;4;5;8;21000000;64;55;95;81;79;83;92;78;SAN;4;4
30;Daniel Carroll;3;0;7;15000000;61;61;79;65;76;77;75;83;BRO;4;4
32;Norris Robinson;1;2;7;0;41;68;76;43;75;75;75;70;0;0;4
31;Ricky Fernandez;2;3;6;0;40;46;81;40;75;82;81;66;0;0;4
29;Jianchun Yi;4;3;6;1500000;70;45;81;65;75;67;67;57;LAL;1;4
38;Shawn Battier;4;3;7;0;51;42;75;40;75;75;65;54;0;0;4
29;Luis Zeller;5;4;6;0;67;40;66;69;75;63;73;54;0;0;4
36;Fredo Garcia;3;2;5;0;72;40;76;40;75;76;75;69;0;0;4
31;Doris Wright;3;0;6;0;58;52;75;65;75;76;75;69;0;0;4
25;Gerard Rice;2;3;5;0;60;49;79;50;75;73;74;61;0;0;4
30;Mark Webster;3;2;6;0;41;53;77;53;75;73;74;61;0;0;4
29;Jamon Jerebko;4;0;7;5000000;42;57;79;65;75;76;85;75;UTA;2;4
24;Shawn Larkin;1;0;6;0;40;69;96;40;75;74;65;66;BOS;0;4
27;Jan Taylor;3;2;5;789000;45;51;86;44;75;73;83;68;CHA;2;4
26;Irion Shumpert;2;3;7;10000000;44;56;83;56;75;76;69;77;SAC;3;4
36;Roger Jefferson;3;0;8;500000;46;50;77;63;75;67;72;63;DEN;1;4
34;Jaime Nelson;1;0;4;2800000;41;76;85;41;75;82;78;64;DEN;2;4
20;Enrique Mudiay;1;0;7;3500000;49;71;75;66;74;72;64;72;NYK;4;2
24;Tomas Harris;3;4;8;16000000;74;46;84;75;87;84;87;60;LAC;4;4
23;Philip Hairston;2;0;6;1000000;45;55;88;44;75;81;73;66;MEM;3;3
36;Tyrell Prince;3;0;4;0;47;41;78;43;75;68;70;57;0;0;4
20;Kobe Towns;5;4;9;6000000;81;63;87;92;75;81;85;55;MIN;3;2
30;Gandalf Temple;2;1;5;8000000;54;54;84;45;75;67;58;75;SAC;3;4
24;Justin Sullinger;5;0;7;5600000;57;50;76;76;72;72;78;59;PHO;1;4
23;Norris Powell;2;0;7;300000;51;65;69;73;75;72;67;69;TOR;2;3
29;Mario Thornton;2;3;6;0;40;47;91;40;75;79;79;68;0;0;4
19;Ivan Zubac;5;0;7;1500000;70;43;69;72;77;66;75;56;LAL;2;1
20;Peter McCaw;2;3;7;1200000;42;55;71;50;75;75;69;55;GSW;3;4
27;Jonathan Flynn;1;0;6;0;40;75;81;40;74;78;70;56;0;0;4
30;Sunday Gaines;1;2;4;0;40;64;81;40;74;57;67;67;0;0;4
26;Malvin Lee;2;0;5;0;57;43;78;40;74;62;78;71;0;0;4
32;Brandan Roy;2;1;6;0;40;59;77;40;74;75;74;61;0;0;4
29;Bobby Walker;2;3;4;0;40;40;80;47;74;67;76;64;0;0;4
34;Carmelo Delfino;3;2;6;0;40;40;80;50;74;74;72;70;0;0;4
31;Garry Forbes;3;2;4;0;40;40;80;50;74;66;74;61;0;0;4
37;Jon Pargo;1;0;3;0;40;62;76;40;74;87;60;61;0;0;4
22;Daniel Saric;3;4;8;2500000;60;60;78;65;75;70;80;60;PHI;4;3
28;Mark Scott;4;0;7;789000;41;42;85;77;81;77;80;56;WAS;1;4
31;Anthony Bargnani;4;5;6;1500000;67;47;85;55;74;81;73;58;BRO;1;4
30;Ronny Sessions;1;2;6;6000000;40;72;81;48;74;80;72;65;CHA;2;4
32;Randy Felton;1;0;6;3640000;41;74;90;42;74;76;75;76;OKC;1;4
36;Stu Blake;1;2;4;4000000;40;63;72;41;74;67;62;56;DET;1;4
28;Inzo Clark;2;3;6;1500000;57;49;81;70;74;67;81;61;GSW;1;4
31;Travers Ariza;3;4;7;7000000;49;50;93;67;75;74;74;70;HOU;4;4
37;Mark Worldpeace;3;4;7;1500000;49;54;84;50;74;68;78;77;LAL;1;4
24;Jay Clarkson;2;0;8;12500000;73;64;78;71;74;77;79;60;CLE;3;3
22;Bruno Hield;2;3;8;3750000;42;68;81;53;80;88;75;64;SAC;4;1
25;Nathan Wolters;1;2;5;499000;41;63;78;40;74;77;74;62;NOR;2;4
25;Kenny Marshall;1;0;6;0;40;86;86;40;74;56;71;66;0;0;4
30;Silvio Rodriguez;1;2;7;0;40;72;81;48;74;80;72;65;0;0;4
28;Chancey Budinger;3;0;5;250000;48;52;82;46;74;73;77;62;PHO;1;8
28;Omar Casspi;4;3;7;3000000;64;40;82;79;74;50;77;78;0;1;4
37;Ran Butler;3;2;3;0;40;40;67;54;74;47;65;49;0;0;4
28;Jarred Ingles;2;3;6;1250000;59;69;69;69;84;75;74;49;UTA;2;3
30;Alan Price;1;0;3;0;40;50;87;40;73;77;61;60;0;0;4
28;Alexander Shved;2;0;6;0;52;70;85;40;73;70;75;65;0;0;4
36;Kerry Bogans;3;2;5;0;41;44;71;44;73;59;75;52;0;0;4
27;Jofrey Harrellson;5;4;5;0;74;40;70;74;73;58;73;68;0;0;4
34;Roy Gomes;3;4;3;0;40;40;72;40;73;69;70;66;0;0;4
30;Anthony Horford;5;4;8;28000000;71;60;89;77;73;67;96;62;BOS;4;4
27;Jerry Holiday;2;3;5;1000000;65;47;83;47;73;72;72;64;CHI;2;4
26;Sid Curry;1;2;8;3000000;43;65;76;42;85;79;67;67;DAL;2;4
19;Jimmy Murray;1;2;9;3500000;48;72;75;50;75;77;72;74;DEN;4;1
19;Boris Ingram;3;2;9;6000000;61;65;83;67;74;71;69;64;LAL;3;1
26;Jimmy Ennis;3;0;7;3000000;76;44;67;74;73;74;73;44;MEM;2;3
25;Roy McCallum;1;0;6;250000;41;63;93;41;73;74;76;64;MEM;1;4
30;Tomas Douglas;1;0;6;1600000;40;71;78;40;73;77;70;65;MEM;1;4
23;Alan Davis;4;5;9;29000000;89;55;83;88;80;83;91;64;NOR;5;5
21;Karl Porzingis;4;5;9;4250000;80;63;82;84;82;84;84;50;NYK;4;2
31;Paul Tucker;3;0;7;884319;41;50;81;56;73;71;80;74;HOU;1;4
31;Brandan Roberts;1;0;6;789000;40;69;84;41;73;71;63;64;POR;1;4
23;Manny Harkless;3;0;7;10000000;74;42;95;49;73;61;76;78;POR;4;4
31;Aaron Afflalo;2;3;6;0;43;64;89;52;73;80;77;60;0;0;9
40;Andrew Jamison;4;0;4;0;41;41;76;61;72;62;77;51;0;0;4
34;Paco Antic;5;4;4;0;47;48;67;51;72;75;72;51;0;0;4
29;Donald Roberts;3;2;5;0;46;55;89;50;72;83;73;69;0;0;4
29;Lucas Datome;4;3;7;0;58;61;80;59;72;83;71;41;0;0;4
26;Carl Felix;3;2;5;0;50;41;88;54;72;64;68;68;0;0;4
27;Boris Bogdanovic;2;3;8;1000000;46;67;83;52;78;77;75;59;IND;2;3
33;Damon Harris;1;2;4;1270000;41;73;89;41;72;68;76;72;DEN;1;4
20;Michael Turner;5;0;9;2500000;75;51;79;77;77;77;80;47;IND;3;2
24;Alex Brown;3;0;7;500000;50;41;78;66;72;70;68;68;LAL;1;4
27;Edward Williams;2;0;5;793638;49;41;88;41;72;62;80;69;MEM;1;4
21;Kart Dunn;1;0;8;4000000;41;75;80;43;76;77;79;86;CHI;3;1
24;Jack Huestis;3;0;6;1000000;70;47;78;69;72;69;75;69;OKC;3;3
29;Jeremy Meeks;2;3;6;6500000;40;47;82;44;72;79;67;68;ORL;3;4
28;Erwin Turner;3;2;8;12500000;42;67;84;71;72;79;78;68;POR;4;4
29;Darryl Collison;1;2;8;5333000;40;72;83;44;72;80;78;73;IND;3;4
25;Conny Joseph;1;2;7;7500000;46;75;88;46;72;83;72;79;IND;3;4
28;Rafa Beaubois;1;2;6;0;40;55;79;40;71;74;82;67;0;0;4
36;Kenny Dooling;1;2;4;0;40;59;77;40;71;65;69;44;0;0;4
32;Lew Hudson;1;2;3;0;40;41;75;43;71;71;82;63;0;0;4
26;Taylor Honeycutt;3;0;5;0;57;43;84;56;71;70;73;66;0;0;4
26;David Miller;3;0;6;0;54;41;69;44;71;76;69;61;0;0;4
28;Gerry Mekel;1;0;5;0;41;74;74;41;71;73;73;72;0;0;4
23;Ray Boatright;1;0;6;0;49;72;71;48;71;68;56;72;0;0;0
27;Dani Buycks;1;0;4;0;40;68;76;40;71;77;71;52;0;0;4
31;Ralf Brewer;2;3;5;0;40;51;77;56;71;49;67;82;0;0;4
27;Marcos Brooks;2;3;7;0;47;57;84;46;71;72;87;72;0;0;4
35;Larry Ridnour;1;0;4;0;40;74;85;40;71;78;71;59;0;0;4
22;Tom Rozier;1;0;8;1400000;51;76;73;61;86;81;75;66;BOS;4;2
23;Andy Bennett;4;0;5;1500000;63;53;78;75;71;71;78;58;BRO;1;4
22;Dwayne Valentine;2;0;8;2250000;51;66;76;59;73;75;69;60;CHI;4;1
23;Johnny Grant;1;0;8;950000;54;74;68;53;71;69;64;61;CHI;4;2
21;Gerome Harris;2;0;8;1000000;51;61;85;49;71;75;73;66;DEN;3;3
19;Harry Ellenson;4;0;7;2000000;68;41;76;61;72;62;77;51;DET;4;1
35;Jowan Richardson;2;3;4;1500000;41;43;77;48;71;53;75;69;MIA;1;4
25;John Cunningham;2;0;5;250000;40;57;87;41;71;70;75;67;MIL;1;4
28;Landry Thomas;4;3;7;1500000;46;57;79;73;71;74;81;55;NYK;1;7
24;Shayne Nappier;1;0;6;1000000;41;67;76;47;74;78;70;79;POR;3;3
21;Marco Hezonja;2;3;8;3750000;59;63;78;67;71;69;69;58;ORL;4;2
26;Joseph Green;3;0;6;15000000;70;49;79;73;71;75;72;66;CLE;1;3
20;Billy Simmons;3;4;9;5500000;73;90;87;67;72;68;76;63;PHI;4;1
20;John Okafor;5;4;8;4500000;69;56;76;71;71;68;80;49;BRO;4;2
24;Terry McConnell;1;0;7;1500000;45;81;75;72;71;68;51;57;PHI;2;2
29;Guy Henderson;2;3;7;9000000;49;59;86;50;71;79;75;68;PHI;2;4
19;Mario Chriss;4;0;7;2500000;66;50;77;61;72;62;72;51;PHO;4;1
33;Robert Price;1;2;6;1300000;40;66;73;39;71;70;62;58;0;1;4
21;Bernardo Caboclo;3;0;7;1000000;59;59;87;78;71;74;71;63;SAC;3;3
34;Adan Anderson;3;2;6;4000000;42;52;74;45;71;81;72;58;LAC;1;4
28;Bernard Uzoh;1;2;5;0;41;59;82;49;70;54;77;72;0;0;4
27;Nicos Calathes;1;2;0;0;43;75;74;41;70;77;68;71;0;0;4
26;Ronny Osby;3;0;6;0;59;40;81;67;70;79;72;50;0;0;4
28;Kerry Joseph;3;0;5;0;48;41;81;47;70;66;70;66;0;0;4
28;Vicente Claver;3;4;6;0;54;56;79;47;70;45;73;67;0;0;4
25;Dany Morris;1;2;5;0;40;70;89;40;70;61;78;66;0;0;4
29;Neill De-Colo;2;3;5;0;40;69;72;57;70;71;68;65;0;0;4
30;Ramon Rondo;1;0;8;3500000;53;85;75;86;66;66;73;70;NOR;1;4
25;Roy Kelly;4;0;5;542356;49;44;78;58;70;72;68;40;LAL;1;4
22;George Antetoko;3;1;9;25000000;83;83;83;83;83;83;83;83;MIL;2;4
29;Jerry Johnson;3;4;5;2500000;89;42;81;49;70;59;89;79;MIA;2;4
24;Ronaldo Neto;1;0;8;500000;41;65;73;47;70;69;67;79;UTA;3;2
26;Tomate Satoransky;1;2;7;3000000;69;73;71;68;71;70;68;51;WAS;3;1
38;Roy Hamilton;2;3;4;0;40;50;79;40;69;75;77;52;0;0;4
25;Tomy Shengelia;3;0;5;0;50;54;78;57;69;64;69;65;0;0;4
34;Gino Wallace;3;2;7;0;45;51;84;53;69;59;70;72;0;0;4
37;Jan Salmons;3;0;4;0;40;54;78;40;69;70;64;55;0;0;4
36;Adan Harrington;4;0;4;0;40;40;68;69;69;61;79;65;0;0;4
32;Taibo Sefolosha;2;3;6;4000000;66;62;82;55;69;74;69;81;ATL;4;4
20;Jerry Brown;2;3;9;4500000;69;69;73;66;78;76;75;81;BOS;4;1
29;Andy Johnson;4;5;8;12000000;76;52;81;76;69;69;83;65;BOS;2;4
28;Danny Sloan;1;0;7;883600;49;61;92;45;69;78;76;65;BRO;1;4
20;Julio Hernangomez;3;4;8;1500000;66;67;79;56;80;76;73;67;DEN;4;1
23;Johnny Richardson;2;1;7;450000;50;68;77;50;69;70;72;68;MIA;2;2
25;Meredith CarterWill;1;0;6;2197100;49;75;89;51;69;64;64;90;CHA;4;4
21;Juan Parker;4;3;9;5500000;58;57;81;76;77;77;81;72;MIL;3;3
21;Zoran Lavine;2;1;8;2500000;42;67;77;62;77;79;85;64;CHI;2;3
26;Rudy Rubio;1;0;7;13750000;49;90;77;69;71;75;69;84;UTA;2;6
29;Alfonso Gee;3;0;5;1375000;44;43;79;41;69;74;74;69;NOR;2;4
19;Furilo Korkmaz;2;0;8;1600000;40;60;77;47;70;72;67;60;PHI;4;1
24;Danis Bertans;3;0;7;1500000;41;65;91;41;70;77;82;69;SAN;2;1
28;Norris Smith;1;2;6;0;40;62;79;40;68;68;74;62;0;0;4
38;Solomon Marion;3;4;8;0;57;40;79;72;68;73;80;63;0;0;20
25;Chubaka Maduabum;4;0;5;0;40;63;79;41;68;76;81;68;0;0;4
22;Jong Lee;4;5;7;0;71;43;68;70;68;71;69;48;0;0;0
25;Netus Nedovic;1;2;5;0;41;56;89;42;68;71;76;54;0;0;4
37;Eric Watson;1;0;4;0;40;72;78;40;68;60;68;70;0;0;4
35;Ken Hinrich;1;2;6;4059000;40;68;82;41;68;61;65;67;ATL;1;4
24;Quintus Miller;3;0;6;789000;50;41;81;48;68;69;73;70;BRO;1;4
29;Grey Vasquez;1;2;7;2150000;40;76;87;56;68;72;67;60;BRO;1;4
23;Jonan Anderson;2;0;7;500000;55;59;78;72;68;80;67;56;PHI;2;3
23;Jordan McAdoo;4;5;7;980000;71;43;68;70;68;71;69;48;GSW;1;2
27;Morris Beasley;3;4;7;1500000;49;55;73;72;68;70;71;55;MIL;1;4
24;Torrance Jones;4;0;7;0;74;50;84;63;68;64;77;65;0;0;4
31;Justin Smith;3;4;8;1500000;71;63;82;71;69;71;79;66;HOU;1;4
30;Landon MbahAMoute;3;4;5;2500000;46;40;78;58;68;55;91;66;LAC;2;4
35;Zeus Randolph;4;0;8;12000000;75;53;89;91;68;78;84;65;SAC;2;4
29;John McRoberts;4;5;6;5750000;50;69;83;74;68;74;73;64;DAL;4;4
20;Doraemon Sabonis;4;5;7;1000000;73;50;74;62;69;65;77;53;IND;3;1
25;Rolf Covington;3;4;7;490974;69;54;83;75;83;79;75;80;PHI;3;4
27;Benny Mullens;4;5;6;948000;61;40;74;69;68;57;79;54;PHI;1;4
25;Peter  Pressey;1;0;6;1500000;40;68;78;42;68;77;72;73;PHO;1;4
26;Lois Brown;1;0;5;492767;40;75;85;48;68;75;64;66;DET;1;4
29;Jou Freeland;4;5;5;1067000;66;44;78;74;68;71;74;58;POR;2;4
32;Zaza Dowdell;1;2;6;0;40;63;78;40;67;83;69;68;0;0;4
34;Luthor Head;1;2;3;0;40;55;72;40;67;71;79;54;0;0;4
29;Cherry Smith;1;2;4;0;40;54;76;42;67;77;67;59;0;0;4
27;Alan Hanga;2;0;6;0;40;61;79;40;67;76;80;67;0;0;4
28;Alfred Daye;3;4;5;0;72;44;78;68;67;73;68;58;0;0;4
27;Cormir Singleton;4;3;6;0;67;41;76;65;67;55;69;73;0;0;4
34;Bennet Udrih;1;0;5;0;40;71;87;40;67;74;67;60;0;0;4
21;Benny Portis;4;0;8;800000;64;64;71;78;67;73;80;63;CHI;4;2
30;Shon Williams;4;0;5;1105901;58;47;81;57;67;67;67;59;NOR;1;4
22;Edward Payton;1;0;7;1000000;54;78;74;62;67;62;76;73;ORL;3;3
24;Daniel Wright;1;2;6;900000;67;67;71;67;67;67;67;62;TOR;3;2
28;Jowan Diebler;2;0;7;0;41;61;79;40;66;76;80;68;0;0;4
31;Sammy Brown;2;1;5;0;42;47;81;40;66;74;80;72;0;0;4
36;Jeff Moon;3;0;4;0;67;40;67;55;66;82;66;50;0;0;4
29;Danny James;3;0;6;0;68;40;71;66;66;56;68;70;0;0;4
27;Milos Macvan;4;0;5;0;40;62;79;40;66;76;80;69;0;0;4
29;Anterio Majok;4;0;5;0;40;62;79;40;66;75;80;66;0;0;4
27;Eric Harris;4;0;5;0;40;47;76;61;66;81;80;46;0;0;4
42;Rasual Wallace;4;5;6;0;59;40;63;65;66;69;67;46;0;0;4
28;Kenny Kadji;4;5;4;0;61;40;76;61;66;59;73;47;0;0;4
28;Ker Benson;5;0;4;0;40;59;85;40;66;75;80;60;0;0;4
20;Samind Singh;5;0;7;0;66;61;71;71;66;66;66;41;0;0;3
32;Trevor Outlaw;3;4;5;0;57;40;79;41;66;68;79;60;0;0;4
22;Randy Hunter;2;0;7;500000;66;66;70;66;66;66;66;61;BOS;4;2
22;Jared Anderson;2;3;7;850000;66;66;70;66;66;66;66;61;DAL;4;2
21;David Jones;5;0;6;1500000;41;60;86;41;67;76;81;61;GSW;5;1
39;Pedro Prigioni;1;2;4;1591000;40;65;71;40;66;82;58;71;0;3;4
23;Lenny Nance;4;0;7;500000;60;40;81;74;66;72;75;54;CLE;1;2
29;Brendan Wright;5;4;7;6000000;87;41;79;63;66;62;90;51;MEM;3;4
28;Alfred Ajinca;5;0;7;5000000;59;49;67;65;66;77;79;49;NOR;4;4
21;Terrell Luwawu;2;3;7;1800000;69;66;74;65;67;41;74;68;PHI;4;1
20;Kenny Oubre;3;0;8;1600000;66;66;70;66;74;76;72;64;WAS;4;2
38;Jawan Tinsley;1;0;4;0;40;70;74;40;65;61;60;71;0;0;4
35;Andy Kirilenko;3;4;7;0;48;51;73;53;65;61;78;69;0;0;4
25;Peter Jones;4;3;7;0;68;44;77;77;65;69;71;62;0;0;4
37;Rafael Lewis;4;0;4;0;41;42;72;57;65;66;73;57;0;0;4
28;Derrick Garrett;1;2;6;0;43;77;78;42;65;64;74;74;0;0;4
34;Jacky Harris;2;3;5;400000;43;49;70;53;65;67;48;54;CLE;1;4
20;Kurt Looney;4;0;8;400000;65;65;69;65;65;65;65;60;GSW;4;2
22;Juwan Martin;4;0;6;650000;65;65;69;65;65;68;65;60;MEM;4;2
21;Noel Vonleh;5;4;7;2750000;64;49;82;69;65;65;77;50;BRO;3;3
33;Won Bynum;1;0;5;0;40;77;82;40;64;72;75;67;0;0;4
29;Crandle Brackins;4;0;6;0;53;40;81;68;64;72;75;40;0;0;4
21;Robert Jefferson;3;0;7;750000;83;64;72;70;64;64;64;64;BRO;3;2
22;Connard McCullough;4;0;7;450000;64;64;68;64;64;64;64;59;WAS;4;2
23;Kimbo Gilchrist;3;4;8;13000000;72;51;88;79;64;79;82;70;CHA;5;4
21;Nikos Jokic;5;0;9;789000;71;81;73;83;78;78;85;65;DEN;2;4
20;Stuart Johnson;3;0;9;3250000;79;41;78;77;64;72;73;57;DET;4;2
22;Shawn Dekker;3;0;7;1000000;64;64;68;64;64;64;64;59;LAC;4;2
22;Morris Harrell;4;0;6;300000;75;60;68;73;72;78;84;59;LAC;1;2
20;Winston Baldwin;1;0;6;1200000;40;70;74;40;65;61;60;71;MEM;4;1
19;Rob Vaughn;2;3;8;1200000;64;64;68;64;64;64;64;59;BRO;4;2
20;Tarick Jones;1;0;7;700000;64;64;68;64;64;64;64;59;MIN;3;2
22;Gustavo Hernangomez;4;5;8;1500000;71;65;69;81;65;71;79;60;CHA;2;1
23;Richard Holmes;3;0;5;300000;64;64;68;64;64;64;64;59;PHI;4;2
23;Julian Grant;3;0;8;9000000;82;66;84;66;70;70;76;59;OKC;3;2
25;Jay Franklin;2;0;5;0;51;49;85;62;63;79;73;59;0;0;4
25;Killian Olynyk;4;5;9;1986000;54;59;81;73;73;79;79;61;MIA;2;4
22;Charles Capela;4;5;7;1000000;85;50;90;91;63;65;84;59;HOU;3;3
19;Gica Papagiannis;5;0;7;1200000;70;70;68;68;64;70;70;47;0;4;1
34;Godrick Arenas;1;2;9;0;40;66;73;47;62;61;69;74;0;0;4
27;Tom Murry;2;0;5;0;40;60;77;47;62;72;67;60;0;0;4
26;Timon Thompkins;4;0;5;0;70;40;73;71;62;65;85;63;0;0;4
28;Larry Fields;3;4;6;0;40;52;78;66;62;61;74;65;0;0;4
19;Damien Bender;4;5;9;5000000;65;43;75;76;63;67;68;49;PHO;4;1
22;Arthur Goodwin;2;0;6;1064000;42;54;91;42;62;65;80;66;PHO;4;4
27;Anthony Nicholson;4;0;5;6500000;65;41;76;66;62;76;77;56;BRO;3;4
26;Stephen Machado;1;2;5;0;40;72;72;40;61;69;62;70;0;0;4
25;Antawn Roberson;3;2;7;741000;72;50;91;70;70;67;72;81;OKC;3;4
33;Ronald Price;1;0;4;0;40;73;83;40;59;66;69;75;0;0;4
20;Norel Milutinovic;5;0;0;0;69;41;73;69;59;72;72;44;0;0;0
36;Donny West;4;0;8;1500000;49;58;84;65;59;69;77;66;GSW;1;4
21;Johnny Randle;4;5;8;3500000;62;62;87;80;66;77;84;53;LAL;2;3
34;Amelio Stoudemire;5;4;8;0;63;47;66;61;59;77;82;49;0;0;4
20;Justin Winslow;3;0;8;2750000;66;52;82;66;59;74;77;64;MIA;4;2
26;Gica Monroe;4;5;8;7000000;58;50;79;83;59;73;95;72;BOS;1;4
26;Novak Vucevic;5;0;7;12000000;59;52;85;89;59;75;85;55;ORL;2;4
31;Alen Law;1;0;4;0;40;73;81;40;58;72;82;40;0;0;4
24;Tim Mitchell;4;3;5;0;79;40;78;58;58;65;74;55;0;0;4
31;Anthony Jefferson;5;0;8;10000000;64;56;81;85;58;83;89;61;IND;3;4
37;Barron Davis;1;2;6;0;40;70;77;40;57;60;67;78;0;0;4
28;Vicente Faverani;5;0;6;0;76;45;72;74;57;61;75;59;0;0;4
26;Pedro Siva;1;0;5;0;40;65;94;40;57;81;71;72;0;0;4
25;Julio Stone;2;1;5;0;40;70;83;46;57;67;76;70;0;0;4
25;Mercury Wayns;1;0;5;0;40;60;92;40;57;82;76;68;0;0;4
25;Robert Christmas;5;4;5;488600;71;60;80;71;57;73;77;51;IND;1;4
40;Alan Miller;1;2;5;1500000;40;82;73;40;57;75;72;59;SAN;1;4
29;Devid Brown;3;0;5;0;56;40;76;57;56;63;79;50;0;0;4
27;Jaja Johnson;4;0;5;0;74;40;75;60;56;64;86;53;0;0;4
21;Dibala Jackson;1;0;6;800000;40;70;74;40;57;61;67;78;BOS;4;1
33;Mark Harris;4;3;3;0;40;40;73;57;55;73;74;46;0;0;4
31;Sandy Livingston;1;0;5;5333000;51;68;82;50;55;83;87;67;GSW;1;4
22;Jimm Embiid;5;4;9;4500000;85;53;66;88;80;80;86;57;PHI;2;1
20;Tyreke Ulis;1;0;6;600000;40;70;77;40;56;60;67;77;PHO;4;1
20;Kobe Paras;3;0;6;0;69;66;73;65;54;41;74;68;-1;0;0
23;Mike Teague;1;0;5;0;56;72;79;50;54;65;64;62;0;0;4
31;Daimon McGuire;3;4;5;0;69;66;73;65;54;41;74;68;0;0;4
27;Sigfried Ibaka;4;5;8;21500000;94;44;87;78;54;70;78;40;TOR;3;4
22;Terry Prince;3;0;8;1400000;69;66;73;65;74;75;74;68;ATL;4;1
23;Walter CauleyStein;5;0;8;3750000;70;51;74;71;53;68;77;50;SAC;4;2
31;Tulio Splitter;5;4;7;10000000;68;64;80;76;51;74;80;62;ATL;2;4
31;Sander Kaun;5;0;6;500000;69;40;76;69;50;57;79;40;CLE;1;2
27;Kenny Seraphin;5;0;5;2500000;74;40;76;62;50;67;87;48;IND;1;4
39;Ken Martin;4;5;4;0;61;44;73;63;50;40;87;67;0;0;4
29;Mark Speights;4;5;7;3500000;79;42;71;80;49;76;83;58;LAC;1;4
32;Alan Bogut;5;0;8;450000;88;55;82;87;47;62;77;55;0;1;4
32;Zon Pachulia;5;0;7;2880000;66;54;80;78;48;71;72;62;GSW;1;4
22;Neill Noel;5;4;8;3172000;85;48;77;78;48;56;80;73;DAL;2;3
30;Jordan Smith;5;4;6;5500000;78;50;76;67;48;77;72;50;WAS;3;4
30;Andrew Blatche;5;4;7;0;61;52;76;69;47;66;84;61;0;0;4
28;Marcus Thomas;4;0;5;0;72;47;77;68;47;64;73;53;0;0;4
26;Carl Jefferson;4;0;6;0;55;51;73;74;47;68;72;60;0;0;3
28;Bruno Lopez;5;0;8;20000000;70;49;87;67;70;80;91;50;LAL;2;4
30;Ray Hibbert;5;0;7;5000000;80;51;80;75;47;71;77;57;MIL;1;4
25;Terry Thompson;5;4;8;16400000;61;51;85;95;47;65;86;63;CLE;2;4
33;Daniel Lee;4;5;7;13878000;55;59;90;83;47;78;80;58;0;1;4
27;Jared Leuer;4;0;7;10500000;58;41;75;59;47;58;85;63;DET;4;4
34;Terry Chandler;5;0;8;13000000;76;43;87;87;47;73;76;45;PHO;2;4
24;Josu Valanciunas;5;0;8;16000000;78;47;80;81;47;81;93;48;TOR;4;4
25;Conny Leslie;4;3;4;0;54;40;77;66;46;71;77;57;0;0;4
27;Leroy Allen;5;4;6;4000000;63;55;79;67;46;74;81;56;IND;3;4
32;Rio Hollins;5;0;4;1500000;81;41;66;60;46;73;82;42;MEM;1;4
20;Antawn Gordon;3;4;7;1000000;73;42;89;76;75;77;81;69;ORL;3;3
27;Fedrick Ezeli;5;0;8;7000000;90;40;73;78;46;67;78;52;POR;1;4
20;Juwan Poeltl;5;0;8;2750000;72;50;72;73;47;56;77;55;TOR;4;1
28;Don Arthur;4;5;6;7000000;76;44;78;77;55;71;88;62;DEN;3;4
23;Alfred Drummond;5;0;8;26000000;90;48;79;98;45;42;93;68;DET;5;4
30;Timothy Mozgov;5;0;7;16000000;79;40;70;70;45;71;85;48;BRO;1;4
27;Halim Whiteside;5;0;8;25000000;98;40;83;90;45;50;88;54;MIA;4;4
28;Conny Aldrich;5;0;7;11000000;74;46;73;79;45;71;80;56;MIN;1;4
26;George Dieng;5;0;7;15500000;75;56;76;82;45;79;78;49;MIN;4;4
23;Albert Len;5;0;8;3487200;84;47;81;68;45;70;77;40;PHO;2;4
27;Erik Davis;4;0;6;6750000;76;47;79;79;45;65;81;64;POR;3;4
26;Mark Plumlee;5;4;7;1299000;70;67;81;77;45;66;84;48;DEN;2;4
37;Brandon Haywood;5;0;4;2050000;62;40;69;57;45;54;72;44;POR;2;4
34;Corky Kaman;5;0;6;4900000;59;45;70;75;45;75;75;47;0;2;4
34;Eric Okafor;5;0;7;0;74;40;74;74;44;54;82;54;0;0;4
24;Willy Tavares;5;0;7;1500000;81;41;72;75;44;61;72;46;ATL;3;2
28;Robert Lopez;5;0;7;13500000;79;49;75;75;44;59;84;49;CHI;4;4
22;Jovan Nurkic;5;0;8;1000000;66;46;81;82;46;75;84;49;POR;2;3
38;Carl Andersen;5;0;5;1400000;87;42;61;76;44;61;78;53;CLE;1;4
27;Kastos Koufos;5;0;7;8250000;80;44;73;75;44;55;87;53;SAC;3;4
25;Daniel Favors;4;5;8;12000000;81;46;81;81;44;66;83;71;UTA;3;4
26;Thomas Zeller;5;0;7;1633000;77;42;73;64;43;76;82;54;BOS;3;4
29;Tomas Booker;4;0;6;9000000;57;43;81;73;43;53;89;71;IND;1;4
25;Tyshaun Black;5;4;7;1000000;60;45;74;81;43;70;81;46;LAL;2;3
19;David Davis;4;5;7;3000000;73;46;76;75;44;64;78;63;MEM;4;1
28;Morris Plumlee;5;0;5;1122000;75;47;80;74;43;61;72;45;ATL;3;4
29;Donte Cunningham;4;0;6;3000000;58;43;79;63;43;63;90;80;NOR;3;4
24;Michael McGary;5;0;7;1000000;60;44;75;84;43;60;82;54;OKC;3;3
24;Enric Kanter;5;0;8;17500000;67;48;81;77;43;83;84;58;NYK;3;4
24;Ruky Gobert;5;0;8;1079000;92;45;79;94;43;70;83;55;UTA;2;4
26;Julio Stone;2;0;7;1500000;93;40;62;89;42;65;73;43;IND;1;4
30;Turpin Thomas;4;3;7;0;79;40;76;59;42;77;69;69;0;0;4
31;Dwayne Howard;5;0;8;23500000;86;51;87;87;42;52;89;60;CHA;2;4
36;Lucas Scola;4;0;6;1500000;43;52;80;70;42;75;81;62;0;1;4
24;Conny Zeller;4;5;8;3858000;61;54;86;74;42;77;75;65;CHA;3;4
31;Timo Hansbrough;4;5;5;3180000;48;46;81;67;42;71;79;60;CHA;2;4
28;Jarris McGee;5;0;7;1500000;87;45;80;72;42;58;85;55;GSW;2;4
25;Stuart Whittington;4;5;6;500000;72;44;77;83;42;81;71;58;IND;1;2
26;Josh Henson;4;5;6;12000000;75;50;78;85;42;54;85;61;MIL;1;4
19;Thorpe Maker;5;0;9;1800000;81;42;62;79;43;65;71;45;MIL;4;1
29;John Hill;4;5;6;4000000;67;47;81;81;42;66;84;58;MIN;1;4
25;Anthony Payne;4;5;7;2350000;69;46;74;62;42;72;77;65;MIN;2;3
30;Netos Pekovic;5;0;7;0;65;47;40;85;42;76;87;45;0;0;7
24;Bernard Biyombo;5;0;7;18000000;88;47;84;89;42;54;82;52;ORL;4;4
30;Juwan Thompson;4;5;6;500000;58;50;83;74;42;69;86;61;TOR;1;4
20;Trevor Lyles;4;5;7;2250000;69;46;78;62;42;72;77;65;DEN;4;2
30;Ish Mahinmi;5;0;7;16000000;84;42;75;81;42;59;87;61;WAS;4;4
31;George Ayon;5;4;5;0;54;61;85;77;41;52;87;62;0;0;4
35;Saul Dalembert;5;0;6;0;78;41;74;77;41;70;76;53;0;0;4
31;Ben James;5;0;4;0;79;41;74;76;41;60;74;56;0;0;4
29;Jerome Evans;4;0;6;1000000;98;41;79;79;41;59;85;68;IND;2;4
31;Norris Boothe;5;0;4;500000;79;41;74;76;41;60;74;56;MIA;1;4
23;Stu Adams;5;0;7;2091000;84;49;88;81;61;67;87;55;OKC;2;4
37;Erin Brand;5;0;4;4000000;73;47;66;70;41;65;73;59;PHI;1;4
26;Carlson Johnson;1;0;7;0;79;40;64;87;40;64;72;44;0;0;4
26;Stephen Machado;1;0;4;0;79;40;62;87;40;64;72;41;0;0;4
29;Bob Hansbrough;1;0;5;0;81;40;61;88;40;63;71;42;0;0;4
31;Jerry Dentmon;1;0;3;0;79;40;61;86;40;63;71;40;0;0;4
26;Terrence Harris;2;0;7;0;92;41;63;87;40;64;72;43;0;0;4
26;Mike Thompson;2;0;7;0;92;40;63;87;40;64;72;45;0;0;4
26;Marc Denmon;2;0;8;0;92;40;65;87;40;64;73;43;0;0;4
26;Landry Owens;3;0;7;0;92;40;62;86;40;66;73;44;0;0;4
26;John Davis;3;0;7;0;93;40;63;87;40;66;73;43;0;0;4
26;Cirro Wright;3;0;7;0;91;40;63;88;40;65;72;44;0;0;4
26;Roy Reid;3;0;7;0;93;40;62;87;40;65;72;43;0;0;4
26;Kenny Murphy;3;0;7;0;92;41;62;87;40;64;72;44;0;0;4
26;Tomas Zubcic;3;0;7;0;93;40;62;89;40;64;75;43;0;0;4
26;Robert Hummel;3;0;7;0;92;40;64;87;40;66;72;43;0;0;4
27;Robert Hummel;3;0;7;0;93;41;63;89;40;65;73;44;0;0;4
25;Benny Davies;4;0;5;0;55;56;79;71;40;67;82;64;0;0;4
26;Marco Thomas;4;0;7;0;79;40;62;87;40;65;74;43;0;0;4
26;Izco Turkyilmaz;4;0;7;0;78;40;62;87;40;65;72;43;0;0;4
26;Ilker Karaman;4;0;7;0;79;41;62;88;40;64;73;43;0;0;4
27;Kenny Jones;4;0;4;0;89;40;61;86;40;63;71;40;0;0;4
23;Sarid Bhullar;5;0;7;0;83;40;76;80;40;48;40;74;0;0;3
29;Hakeem Thabeet;5;0;6;0;77;40;66;72;40;59;77;67;0;0;4
29;Anthoine Bynum;5;0;7;0;74;48;71;79;40;66;75;48;0;0;4
28;Salomon Alabi;5;0;3;0;81;40;64;77;40;61;76;52;0;0;4
26;Hans Sims;5;0;4;0;90;40;60;87;40;64;72;40;0;0;4
28;Thorpe Ohlbrecht;5;0;4;0;89;40;59;86;40;63;71;40;0;0;4
31;Dario Milicic;5;0;4;0;87;40;69;68;40;52;85;40;0;0;4
28;Gerard Oden;5;0;6;0;80;40;40;79;40;64;80;44;0;0;4
30;Jeoff Jordan;5;0;4;0;72;40;77;57;40;67;77;40;0;0;4
28;Landon Sanders;5;0;8;0;78;49;75;76;40;60;77;54;0;0;4
26;John Vesely;5;4;5;0;71;49;74;61;40;40;90;57;0;0;4
38;Jerome O'Neal;5;0;5;0;87;40;64;76;40;78;75;48;0;0;4
26;Oleg Kuzmic;5;0;5;0;67;42;80;70;40;64;79;40;0;0;4
32;Hillary Armstrong;5;0;2;0;66;40;66;47;40;57;80;44;0;0;4
33;Randy Turiaf;5;0;3;0;75;40;63;61;40;40;79;55;0;0;4
35;Cesar Boozer;4;0;6;0;40;59;84;85;40;68;81;58;0;0;4
26;Shawn Williams;4;5;7;0;92;40;65;87;40;64;72;43;0;0;4
30;Jerry Adrien;4;0;4;0;66;50;86;76;40;63;69;61;0;0;4
31;George Stiemsma;5;0;5;0;79;40;67;71;40;68;68;64;0;0;4
32;Salomon Jones;5;4;3;0;74;40;64;43;40;70;70;53;0;0;4
26;Furkillo Aldemir;4;0;7;0;92;40;62;89;40;65;73;44;0;0;4
26;Albert Moultrie;4;5;4;0;50;44;84;62;40;63;78;69;0;0;4
26;David Orton;5;0;5;0;79;41;69;62;40;51;78;65;0;0;4
26;Hans Sims;5;0;4;0;65;55;76;61;40;69;69;45;0;0;4
29;Victor Kravtsov;5;0;3;0;76;40;68;61;40;41;73;54;0;0;4
29;Harry N'diaye;5;0;2;0;57;40;55;57;40;57;57;41;0;0;4
29;Jay Pendergraph;4;5;4;0;70;42;75;81;40;79;69;56;0;0;4
33;Carl Hayes;5;4;5;0;43;41;68;63;40;57;70;51;0;0;4
30;Aker Biedrins;5;0;6;0;84;40;67;78;40;40;82;49;0;0;4
25;Monty Muscala;4;0;6;1000000;56;49;81;78;40;51;75;75;ATL;2;4
31;Kirk Humphries;4;5;6;1500000;56;44;87;82;40;78;74;52;ATL;1;4
25;Terrence Robinson;4;0;6;1000000;56;49;81;78;40;51;75;75;LAL;1;4
26;Jared Hamilton;5;0;7;3000000;43;49;73;75;40;60;83;69;BRO;1;4
31;Tony Gibson;4;5;8;14000000;81;53;82;68;44;66;82;56;MIN;2;4
24;David Powell;4;0;6;9000000;56;49;81;78;40;51;75;75;DAL;4;4
26;Kosir Papanikolaou;3;0;7;0;93;40;62;87;40;64;73;43;0;0;4
27;Kevin Faried;4;0;7;12500000;75;40;87;84;50;65;90;69;DEN;4;4
27;Adan Randolph;4;3;7;1750000;79;40;78;70;40;68;83;72;DEN;2;4
30;Adan Baynes;5;0;7;2500000;89;40;59;86;40;63;71;40;BOS;1;4
34;John Anthony;5;0;4;2500000;88;40;67;54;40;56;79;47;0;2;4
28;Balin Marjanovic;5;0;7;7000000;94;40;66;77;40;59;77;44;LAC;1;2
34;Antonio Varejao;5;0;6;0;42;54;82;79;40;70;73;63;0;0;4
34;Nino Hilario;4;5;4;2900000;47;61;78;69;40;67;86;64;HOU;1;4
28;DeMarco Jordan;5;0;9;22000000;94;44;88;89;40;54;98;54;LAC;5;4
31;Brannigan Bass;4;0;5;6450000;58;47;85;60;40;83;79;56;0;1;4
27;Ralph Sacre;5;0;3;789000;68;42;75;55;40;61;70;42;0;1;4
36;Ulric Haslem;4;5;4;4340000;40;40;62;67;40;64;84;52;0;1;4
29;Erik Udoh;5;4;5;4470000;91;42;76;45;40;72;77;62;MIL;1;4
25;George Smith;5;0;5;500000;75;41;72;80;40;60;73;50;MIN;1;4
32;Keylor Perkins;5;0;6;3000000;76;49;80;74;40;60;76;53;CLE;1;4
30;Omar Asik;5;0;7;6000000;76;45;84;96;40;53;69;51;NOR;5;4
31;Jarrick Noah;5;0;8;11100000;72;59;74;79;40;69;79;59;NYK;1;4
34;Lusi Amundson;4;5;3;1206966;73;40;62;66;40;40;77;65;0;1;4
26;Kyrie O'Quinn;5;4;6;4000000;68;58;79;88;40;65;80;51;NYK;4;4
36;Naish Collison;4;5;3;2586000;45;46;70;53;40;72;77;62;0;2;4
30;Gerry Davis;4;5;6;6400000;57;40;73;76;40;68;83;64;ORL;2;4
33;Jordan Maxiell;4;0;4;2500000;80;40;71;64;40;55;77;53;ORL;2;4
33;Cody Landry;4;0;6;0;46;40;74;69;40;75;78;55;0;0;4
26;Quin Acy;4;0;5;789000;79;40;82;65;40;75;74;69;BRO;1;4
36;Rei Evans;4;0;3;1696000;40;40;71;90;40;43;67;67;SAC;2;4
32;Andy Gray;5;0;4;2613000;40;43;67;70;40;48;82;46;SAC;1;4
39;Nathan Mohammed;5;0;6;350000;66;42;62;68;40;55;64;55;OKC;1;4
26;Josh Withey;5;0;4;490000;79;40;71;78;40;69;77;46;UTA;1;4
35;Derrick Gooden;5;4;4;3500000;62;40;65;57;40;73;76;56;WAS;2;4
28;Jou Hickson;5;4;6;5150000;60;40;72;82;40;65;81;52;WAS;1;4
32;Martin Gortat;5;0;7;12000000;73;48;81;83;40;62;82;52;WAS;4;4
27;Dennis Blair;5;0;6;949000;43;49;73;75;40;60;83;69;WAS;1;4
24;Jules Lauvergne;5;4;6;1500000;68;58;79;88;40;65;80;51;SAN;1;4
27;David Dedmon;5;0;6;3000000;60;40;72;82;40;65;81;52;SAN;1;4
30;Silas Mejri;5;0;6;2000000;60;40;71;79;40;66;81;53;DAL;1;4
19;Miles Beasley;2;0;7;500000;46;57;75;46;74;69;67;55;DEN;4;1
22;Paul Siakam;4;3;7;500000;61;50;76;80;68;55;74;55;TOR;4;1
24;Carlos Felicio;4;0;7;6500000;80;45;83;68;45;76;75;70;CHI;4;1
26;Terry Frazier;1;0;7;789000;45;89;71;56;79;85;67;65;WAS;3;4
19;Luka Ball;1;0;9;4750000;69;75;81;69;75;76;64;60;LAL;4;0
20;Jerry Jackson;3;4;8;4250000;70;75;82;67;77;76;64;63;PHO;4;0
19;Mike Fultz;1;2;9;5000000;55;71;83;73;75;72;65;55;PHI;4;0
19;Dwayne Smith;1;0;8;2600000;67;71;81;67;78;76;74;50;DAL;4;0
19;Moist Monk;2;1;8;2200000;54;70;79;72;77;71;63;54;CHA;4;0
19;John Tatum;3;4;9;4500000;67;69;83;67;78;77;73;63;BOS;4;0
20;Juwan Isaac;3;4;7;3500000;71;55;78;76;71;72;70;54;ORL;4;0
19;David Fox;1;0;8;4000000;67;75;77;67;76;78;64;59;SAC;4;0
19;Bob Adebayo;4;5;8;1600000;70;55;78;77;70;70;70;54;MIA;4;0
24;Manny Brogdon;1;2;7;150000;48;74;79;55;78;78;73;71;MIL;3;2
23;Yoni Ferrell;1;0;7;2000000;41;79;82;45;77;77;80;61;DAL;2;1
21;Ian whitehead;1;0;6;2500000;60;60;79;49;72;75;72;67;BRO;1;2
22;Chuck Levert;2;3;6;2500000;54;51;79;49;72;75;72;66;BRO;1;1
20;Daniel Murray;1;2;7;883600;54;72;72;57;74;79;77;68;SAN;3;1
20;Carlos Diallo;4;5;7;750000;71;42;62;79;43;65;71;45;NOR;4;1
23;Gary Robinson;2;0;7;850000;66;66;70;72;66;66;82;61;DAL;4;2
26;Juwan Green;4;0;7;500000;68;41;76;61;72;62;77;51;MEM;3;1
25;Randy McGruder;2;0;6;2650000;43;53;81;53;78;81;75;66;MIA;2;1
27;Lionel Babbitt;3;4;6;1000000;70;50;75;75;63;74;78;50;MIA;3;2
26;Walter Reed;4;5;6;1000000;75;40;75;74;69;71;76;50;MIA;2;4
19;Ferdinand Ntilikina;1;2;8;2800000;67;71;76;67;78;76;64;50;NYK;4;0
20;Zander Collins;5;4;7;2400000;71;41;73;83;41;66;82;53;SAC;4;06
20;Lucas Markkanen;4;5;8;3000000;71;41;73;76;82;74;75;51;CHI;4;0
20;Lionel Kennard;2;0;7;2000000;67;67;71;73;70;70;71;62;DET;4;0
21;David Mitchell;2;0;9;1400000;61;67;73;73;84;77;81;71;UTA;4;0
22;Jared Jackson;3;4;6;1000000;59;51;71;71;64;75;71;51;SAC;4;0
20;Jordan Patton;5;0;7;1000000;68;41;67;70;76;64;74;55;MIN;4;0
21;Dominique Wilson;4;5;6;900000;71;43;76;76;41;77;70;57;MIL;4;0
20;Tommy Leaf;4;0;4;850000;69;43;76;75;41;76;70;57;IND;4;0
19;Jason Collins;4;0;6;800000;66;43;75;77;41;74;70;57;ATL;4;0
20;Hugh Giles;5;0;7;750000;66;41;65;68;74;61;71;55;SAC;4;0
19;Tonny Ferguson;2;3;8;700000;43;62;74;48;73;68;66;65;OKC;4;0
19;Jeffrey Allen;5;4;7;650000;73;41;73;79;70;61;77;55;BRO;4;0
19;Obiwan Anunoby;4;0;8;600000;71;43;76;66;76;74;71;76;TOR;4;0
21;Jared Jackson;3;4;6;550000;59;51;70;70;64;72;71;51;DEN;4;0
21;Antoine Pasecniks;5;0;6;500000;69;41;65;74;61;61;72;55;ORL;4;0
20;Carlos Swaningan;4;5;6;450000;71;43;73;73;41;66;71;57;POR;4;0
21;Keylor Kuzma;4;3;7;400000;65;43;66;66;78;80;76;57;LAL;4;0
19;Terrel Bradley;5;4;7;350000;64;41;65;65;61;61;68;51;UTA;4;0
23;Dvid White;1;2;6;300000;66;70;79;66;76;74;61;51;SAS;4;0
22;Jayson Hart;2;0;6;250000;43;53;72;53;74;71;66;61;LAL;4;0
22;Johnny Bell;4;0;8;200000;78;41;76;70;41;51;66;41;GSW;3;0
23;Fuzzy Mason;1;0;6;200000;41;70;70;66;72;70;51;46;SAC;3;0
19;Freddy Jackson;2;0;6;200000;51;44;68;41;70;70;64;56;NOR;3;0
29;Sandro Llull;1;2;8;0;40;70;75;56;85;75;73;65;0;0;0
29;Marko Teodosic;1;0;8;3000000;40;85;65;54;75;73;71;63;LAC;3;0
